A = 
	  1.0000000000	  0.0000000000	  0.0000000000	
	  1.0000000000	  0.0000000000	  1.0000000000	
	  0.0000000000	  1.0000000000	  0.0000000000	

=== 1. Schritt =================
y = 
	  1.0000000000	
	  1.0000000000	
	  0.0000000000	

d = 
	  1.4142135624	

w = 
	  2.4142135624	
	  1.0000000000	
	  0.0000000000	

Pi = 
	 -0.7071067812	 -0.7071067812	  0.0000000000	
	 -0.7071067812	  0.7071067812	  0.0000000000	
	  0.0000000000	  0.0000000000	  1.0000000000	

Ri = 
	 -1.4142135624	  0.0000000000	 -0.7071067812	
	  0.0000000000	  0.0000000000	  0.7071067812	
	  0.0000000000	  1.0000000000	  0.0000000000	

Qt = 
	 -0.7071067812	 -0.7071067812	  0.0000000000	
	 -0.7071067812	  0.7071067812	  0.0000000000	
	  0.0000000000	  0.0000000000	  1.0000000000	

=== 2. Schritt =================
y = 
	  0.0000000000	
	  1.0000000000	

d = 
	  0.0000000000	

w = 
	  0.0000000000	
	  1.0000000000	

Pi = 
	  1.0000000000	  0.0000000000	  0.0000000000	
	  0.0000000000	  1.0000000000	  0.0000000000	
	  0.0000000000	  0.0000000000	 -1.0000000000	

Ri = 
	 -1.4142135624	  0.0000000000	 -0.7071067812	
	  0.0000000000	  0.0000000000	  0.7071067812	
	  0.0000000000	 -1.0000000000	  0.0000000000	

Qt = 
	 -0.7071067812	 -0.7071067812	  0.0000000000	
	 -0.7071067812	  0.7071067812	  0.0000000000	
	  0.0000000000	  0.0000000000	 -1.0000000000	

=== 3. Schritt =================
y = 
	  0.0000000000	

d = 
	  0.0000000000	

w = 
	  0.0000000000	

Pi = 
	  1.0000000000	  0.0000000000	  0.0000000000	
	  0.0000000000	  1.0000000000	  0.0000000000	
	  0.0000000000	  0.0000000000	           NaN	

Ri = 
	 -1.4142135624	  0.0000000000	 -0.7071067812	
	  0.0000000000	  0.0000000000	  0.7071067812	
	           NaN	           NaN	           NaN	

Qt = 
	 -0.7071067812	 -0.7071067812	  0.0000000000	
	 -0.7071067812	  0.7071067812	  0.0000000000	
	           NaN	           NaN	           NaN	

****************************************
d = 
	  1.4142135624	
	  0.0000000000	
	  0.0000000000	

=== P3*P2*P1*A = R =================
R = 
	 -1.4142135624	  0.0000000000	 -0.7071067812	
	  0.0000000000	  0.0000000000	  0.7071067812	
	           NaN	           NaN	           NaN	

=== Q*R = A =================
Qtotal = 
	 -0.7071067812	 -0.7071067812	  0.0000000000	
	 -0.7071067812	  0.7071067812	  0.0000000000	
	           NaN	           NaN	           NaN	

Qt = 
	 -0.7071067812	 -0.7071067812	  0.0000000000	
	 -0.7071067812	  0.7071067812	  0.0000000000	
	           NaN	           NaN	           NaN	

A = 
	           NaN	           NaN	           NaN	
	           NaN	           NaN	           NaN	
	           NaN	           NaN	           NaN	

>> 