>> [Q, R] = qr(A)

Q =

   -0.7071         0    0.7071
   -0.7071         0   -0.7071
         0   -1.0000         0


R =

   -1.4142         0   -0.7071
         0   -1.0000         0
         0         0   -0.7071
