%%GRT1, Praktikum1, Modellierung Wassertank
% 02.03.2017

%% Kennlinie des Niveausensors
h = [0, 5, 10, 15, 20, 25, 30, 35, 40, 45, 50];
Usens = [0.16, 0.78, 1.42, 2.04, 2.69, 3.34, 3.97, 4.60, 5.21, 5.80, 6.45]

