x =

   1.0e+64 *

   -3.0291
   -1.1994