ans =

    0.0003   -0.0008
   -0.0800    0.0828
    0.0220    0.0065
    0.0641   -0.0568
    0.0100   -0.0252
   -0.0587    0.0571
   -0.0458    0.0164
    0.1201   -0.0697
    0.0325   -0.0702
   -0.0214    0.0309
   -0.0056    0.0068
   -0.0333    0.0329