n =

     6


s =

    0.2076    0.4637    0.6575   -1.9333    1.9333
