ans =

    1.0000         0         0         0         0         0         0
   -4.0000    1.0000         0         0         0         0         0
         0   -8.0000    1.0000         0         0         0         0
         0         0    0.1739    1.0000         0         0         0
         0         0         0   -0.4126    1.0000         0         0
         0         0         0         0   -0.5442    1.0000         0
         0         0         0         0         0   -0.3163    1.0000