x =

   1.0e+03 *

   -0.5594
   -0.0195
    4.0502

Position Empfänger (x,y,z) [km] = (-0.5594, -0.0195, 4.0502)